Run semi-empirical minimization
 &qmmm
    qm_theory='AM1', grms_tol=0.0005,
 scfconv=1.d-10, ndiis_attempts=700,   qmcharge=1,
 /
   6     C       14.9640      -12.7460      -13.4250 
   6    C1       14.9440      -11.2460      -13.5670 
   6    C2       15.7960      -10.7870      -14.7320 
   6    C3       15.7740       -9.2800      -14.8710 
   6    C4       16.6260       -8.8240      -16.0360 
   6    C5       16.6050       -7.3170      -16.1740 
   6    C6       17.4580       -6.8620      -17.3390 
   6    C7       17.4350       -5.3550      -17.4750 
   6    C8       18.2960       -4.9140      -18.6420 
   8     O       18.1640       -3.5020      -18.8630 
   6    C9       18.9100       -2.6600      -18.0900 
   8    O1       19.6590       -3.1340      -17.2330 
   6   C10       18.7000       -1.2200      -18.4490 
   6   C11       19.1020       -0.3160      -17.3040 
   6   C12       19.0520        1.1390      -17.7170 
   6   C13       19.4610        2.0350      -16.5670 
   6   C14       19.4440        3.4920      -16.9800 
   6   C15       19.8660        4.3780      -15.8230 
   6   C16       19.8630        5.8310      -16.2790 
   7     N       20.2140        6.8030      -15.1860 
   1     H       19.7260        6.4970      -14.3320 
   6   C17       19.7320        8.1810      -15.5240 
   6   C18       18.3100        8.4710      -15.0290 
   8    O2       17.4600        7.4680      -15.5510 
   6   C19       21.6900        6.7990      -14.9140 
   6   C20       22.0540        7.3170      -13.5270 
   6   C21       23.5570        7.2660      -13.3280 
   6   C22       24.2790        8.3650      -14.0770 
   6   C23       25.7710        8.3110      -13.8200 
   6   C24       26.4890        9.3700      -14.6280 
   6   C25       27.9830        9.3190      -14.3900 
   6   C26       28.7030       10.2160      -15.3530 
   8    O3       28.3190       10.6060      -16.4580 
   8    O4       29.9290       10.5890      -14.8930 
   6   C27       30.7490       11.4320      -15.7410 
   6   C28       30.3690       12.8870      -15.4880 
   6   C29       30.8690       13.7930      -16.5910 
   6   C30       30.4780       15.2320      -16.3290 
   6   C31       30.9750       16.1440      -17.4300 
   6   C32       30.5860       17.5830      -17.1700 
   6   C33       31.0820       18.4950      -18.2710 
   6   C34       30.6940       19.9350      -18.0120 
   6   C35       31.1860       20.8460      -19.1060 
   6   C36       32.1860       11.1290      -15.3360 
   6   C37       32.6660        9.8160      -15.9150 
   6   C38       34.0850        9.5140      -15.4810 
   6   C39       34.5700        8.2050      -16.0660 
   6   C40       35.9870        7.9010      -15.6300 
   6   C41       36.4730        6.5920      -16.2150 
   6   C42       37.8900        6.2860      -15.7780 
   6   C43       38.3790        4.9840      -16.3580 
   1    H1       14.3300      -13.0620      -12.5610 
   1    H2       16.0050      -13.1120      -13.2510 
   1    H3       14.5710      -13.2350      -14.3490 
   1    H4       15.3190      -10.7720      -12.6210 
   1    H5       13.8890      -10.8950      -13.7160 
   1    H6       15.4220      -11.2580      -15.6790 
   1    H7       16.8520      -11.1360      -14.5850 
   1    H8       16.1490       -8.8100      -13.9240 
   1    H9       14.7180       -8.9320      -15.0180 
   1   H10       16.2510       -9.2940      -16.9830 
   1   H11       17.6820       -9.1740      -15.8890 
   1   H12       16.9810       -6.8470      -15.2270 
   1   H13       15.5490       -6.9670      -16.3210 
   1   H14       17.0810       -7.3320      -18.2860 
   1   H15       18.5140       -7.2110      -17.1910 
   1   H16       17.8210       -4.8780      -16.5350 
   1   H17       16.3830       -4.9980      -17.6280 
   1   H18       17.9330       -5.3520      -19.6110 
   1   H19       19.3720       -5.1760      -18.4730 
   1   H20       17.6240       -1.0590      -18.7250 
   1   H21       19.3200       -1.0040      -19.3600 
   1   H22       20.1390       -0.5850      -16.9650 
   1   H23       18.4170       -0.4890      -16.4320 
   1   H24       18.0140        1.4020      -18.0530 
   1   H25       19.7370        1.3080      -18.5900 
   1   H26       20.4900        1.7520      -16.2200 
   1   H27       18.7630        1.8790      -15.7030 
   1   H28       18.4130        3.7760      -17.3190 
   1   H29       20.1380        3.6460      -17.8490 
   1   H30       20.8850        4.0670      -15.4730 
   1   H31       19.1530        4.2350      -14.9670 
   1   H32       18.8270        6.0980      -16.6480 
   1   H33       20.5990        5.9800      -17.1190 
   1   H34       19.7770        8.3040      -16.6430 
   1   H35       20.4240        8.9340      -15.0480 
   1   H36       18.0190        9.4920      -15.3970 
   1   H37       18.2620        8.4530      -13.9050 
   1   H38       16.5530        7.8010      -15.5130 
   1   H39       22.1890        7.4220      -15.7100 
   1   H40       22.0550        5.7360      -15.0180 
   1   H41       21.5600        6.6830      -12.7430 
   1   H42       21.6960        8.3710      -13.3900 
   1   H43       23.9520        6.2650      -13.6450 
   1   H44       23.7670        7.3710      -12.2290 
   1   H45       23.8820        9.3660      -13.7600 
   1   H46       24.0920        8.2670      -15.1790 
   1   H47       26.1650        7.2960      -14.0910 
   1   H48       25.9720        8.4650      -12.7270 
   1   H49       26.1020       10.3870      -14.3530 
   1   H50       26.2840        9.2250      -15.7220 
   1   H51       28.3730        8.2770      -14.5430 
   1   H52       28.2310        9.6230      -13.3390 
   1   H53       30.5640       11.1610      -16.8170 
   1   H54       30.7830       13.2160      -14.4990 
   1   H55       29.2500       12.9560      -15.4260 
   1   H56       30.4410       13.4610      -17.5740 
   1   H57       31.9850       13.7180      -16.6720 
   1   H58       30.9030       15.5650      -15.3450 
   1   H59       29.3620       15.3110      -16.2510 
   1   H60       30.5500       15.8120      -18.4140 
   1   H61       32.0920       16.0650      -17.5090 
   1   H62       31.0110       17.9160      -16.1860 
   1   H63       29.4690       17.6620      -17.0900 
   1   H64       30.6570       18.1630      -19.2550 
   1   H65       32.1990       18.4160      -18.3500 
   1   H66       31.1190       20.2650      -17.0270 
   1   H67       29.5770       20.0120      -17.9310 
   1   H68       32.3000       20.8020      -19.1850 
   1   H69       30.8890       21.9010      -18.8950 
   1   H70       30.7540       20.5480      -20.0920 
   1   H71       32.2570       11.0990      -14.2170 
   1   H72       32.8370       11.9670      -15.6990 
   1   H73       32.6160        9.8540      -17.0350 
   1   H74       31.9840        8.9920      -15.5780 
   1   H75       34.1340        9.4670      -14.3610 
   1   H76       34.7630       10.3460      -15.8070 
   1   H77       34.5240        8.2530      -17.1860 
   1   H78       33.8900        7.3730      -15.7430 
   1   H79       36.0340        7.8530      -14.5100 
   1   H80       36.6670        8.7320      -15.9530 
   1   H81       36.4280        6.6400      -17.3340 
   1   H82       35.7940        5.7600      -15.8920 
   1   H83       37.9340        6.2400      -14.6580 
   1   H84       38.5690        7.1200      -16.1000 
   1   H85       37.7300        4.1370      -16.0270 
   1   H86       39.4240        4.7790      -16.0230 
   1   H87       38.3660        5.0200      -17.4740 

