Run semi-empirical minimization
 &qmmm
    qm_theory='AM1', grms_tol=0.0005,
 scfconv=1.d-10, ndiis_attempts=700,   qmcharge=0,
 /
   6     C        2.4110        8.1550      -19.9850 
   6    C1        3.8110        8.3350      -19.4570 
   6    C2        4.2110        7.1940      -18.5440 
   6    C3        5.6170        7.3790      -18.0160 
   6    C4        6.0150        6.2380      -17.1040 
   6    C5        7.4210        6.4230      -16.5750 
   6    C6        7.8180        5.2820      -15.6630 
   6    C7        9.2230        5.4690      -15.1360 
   6    C8        9.6050        4.3220      -14.2210 
   8     O       10.9840        4.4200      -13.8340 
   6    C9       11.3020        5.2540      -12.8020 
   8    O1       10.4070        5.8940      -12.2460 
   6   C10       12.7660        5.2320      -12.4820 
   6   C11       13.1820        6.5070      -11.7810 
   6   C12       14.6100        6.4150      -11.2880 
   6   C13       15.0180        7.6950      -10.5890 
   6   C14       16.4320        7.5970      -10.0550 
   6   C15       16.8240        8.8830       -9.3530 
   6   C16       18.2370        8.7430       -8.8000 
   7     N       18.7410        9.9860       -8.1270 
   6   C17       18.1810       10.1110       -6.7430 
   6   C18       18.1830       11.5510       -6.2130 
   8    O2       17.5590       12.3540       -7.1970 
   6   C19       20.2410       10.0180       -8.1070 
   6   C20       20.8560       10.4490       -9.4330 
   6   C21       22.3660       10.4910       -9.2950 
   6   C22       23.0070       10.8960      -10.6060 
   6   C23       24.5160       10.9320      -10.4840 
   6   C24       25.1490       11.3070      -11.8070 
   6   C25       26.6580       11.3410      -11.6970 
   6   C26       27.2860       11.5390      -13.0450 
   8    O3       26.8130       11.2670      -14.1500 
   8    O4       28.5370       12.0700      -12.9570 
   6   C27       29.2740       12.2840      -14.1870 
   6   C28       28.8900       13.6480      -14.7490 
   6   C29       29.2880       13.7830      -16.2030 
   6   C30       28.8950       15.1400      -16.7480 
   6   C31       29.2910       15.2810      -18.2020 
   6   C32       28.9000       16.6380      -18.7480 
   6   C33       29.2960       16.7790      -20.2020 
   6   C34       28.9060       18.1360      -20.7500 
   6   C35       29.2990       18.2800      -22.1980 
   6   C36       30.7440       12.2130      -13.7900 
   6   C37       31.2000       10.7860      -13.5840 
   6   C38       32.6530       10.7320      -13.1630 
   6   C39       33.1150        9.3040      -12.9660 
   6   C40       34.5670        9.2500      -12.5410 
   6   C41       35.0290        7.8220      -12.3450 
   6   C42       36.4810        7.7670      -11.9200 
   6   C43       36.9470        6.3480      -11.7230 
   1    H1        2.1370        9.0060      -20.6540 
   1    H2        1.6750        8.1160      -19.1450 
   1    H3        2.3280        7.2060      -20.5670 
   1    H4        3.8810        9.3040      -18.8960 
   1    H5        4.5320        8.3970      -20.3140 
   1    H6        4.1430        6.2240      -19.1040 
   1    H7        3.4910        7.1310      -17.6850 
   1    H8        5.6850        8.3490      -17.4560 
   1    H9        6.3360        7.4420      -18.8750 
   1   H10        5.9470        5.2680      -17.6630 
   1   H11        5.2960        6.1750      -16.2450 
   1   H12        7.4890        7.3930      -16.0150 
   1   H13        8.1410        6.4860      -17.4340 
   1   H14        7.7500        4.3120      -16.2230 
   1   H15        7.0990        5.2210      -14.8030 
   1   H16        9.2970        6.4320      -14.5650 
   1   H17        9.9490        5.5260      -15.9890 
   1   H18        9.5660        3.3360      -14.7570 
   1   H19        8.9520        4.2990      -13.3100 
   1   H20       13.3520        5.0880      -13.4280 
   1   H21       12.9550        4.3400      -11.8250 
   1   H22       12.4890        6.7000      -10.9180 
   1   H23       13.0770        7.3730      -12.4860 
   1   H24       15.2980        6.2200      -12.1530 
   1   H25       14.7110        5.5490      -10.5810 
   1   H26       14.3080        7.9020       -9.7440 
   1   H27       14.9420        8.5550      -11.3050 
   1   H28       17.1400        7.3930      -10.9010 
   1   H29       16.5050        6.7350       -9.3400 
   1   H30       16.0920        9.0950       -8.5290 
   1   H31       16.7710        9.7370      -10.0800 
   1   H32       18.9420        8.5020       -9.6470 
   1   H33       18.2820        7.9010       -8.0520 
   1   H34       18.7790        9.4560       -6.0500 
   1   H35       17.1150        9.7420       -6.7730 
   1   H36       19.2280       11.9220       -6.0320 
   1   H37       17.6130       11.5630       -5.2450 
   1   H38       17.2770       13.1760       -6.7730 
   1   H39       20.6060        8.9900       -7.8230 
   1   H40       20.5580       10.7440       -7.3030 
   1   H41       20.4800       11.4650       -9.7270 
   1   H42       20.5780        9.7340      -10.2520 
   1   H43       22.7470        9.4830       -8.9850 
   1   H44       22.6540       11.2210       -8.4930 
   1   H45       22.6310       11.9070      -10.9150 
   1   H46       22.7140       10.1710      -11.4100 
   1   H47       24.8930        9.9280      -10.1560 
   1   H48       24.8160       11.6740       -9.6970 
   1   H49       24.7750       12.3120      -12.1380 
   1   H50       24.8520       10.5690      -12.6000 
   1   H51       27.0460       10.3720      -11.2830 
   1   H52       26.9890       12.1620      -11.0070 
   1   H53       29.0120       11.4710      -14.9190 
   1   H54       29.3730       14.4550      -14.1390 
   1   H55       27.7780       13.7710      -14.6530 
   1   H56       28.7900       12.9780      -16.8060 
   1   H57       30.3950       13.6440      -16.3110 
   1   H58       29.3880       15.9470      -16.1440 
   1   H59       27.7860       15.2800      -16.6450 
   1   H60       28.7960       14.4750      -18.8060 
   1   H61       30.3990       15.1390      -18.3060 
   1   H62       29.3940       17.4430      -18.1440 
   1   H63       27.7910       16.7800      -18.6450 
   1   H64       28.8010       15.9740      -20.8070 
   1   H65       30.4040       16.6370      -20.3060 
   1   H66       29.4010       18.9390      -20.1430 
   1   H67       27.7980       18.2770      -20.6440 
   1   H68       30.4030       18.1670      -22.3200 
   1   H69       29.0030       19.2870      -22.5810 
   1   H70       28.7960       17.5030      -22.8230 
   1   H71       30.9010       12.8030      -12.8490 
   1   H72       31.3500       12.6950      -14.6020 
   1   H73       31.0620       10.2020      -14.5320 
   1   H74       30.5600       10.3020      -12.7990 
   1   H75       32.7910       11.3070      -12.2090 
   1   H76       33.2890       11.2280      -13.9430 
   1   H77       32.9800        8.7300      -13.9200 
   1   H78       32.4770        8.8070      -12.1880 
   1   H79       34.7020        9.8240      -11.5870 
   1   H80       35.2050        9.7480      -13.3190 
   1   H81       34.8960        7.2490      -13.3000 
   1   H82       34.3920        7.3240      -11.5680 
   1   H83       36.6140        8.3430      -10.9660 
   1   H84       37.1170        8.2680      -12.6980 
   1   H85       36.3410        5.8400      -10.9340 
   1   H86       38.0190        6.3300      -11.4110 
   1   H87       36.8460        5.7650      -12.6710 

